1		567		5		64 1	65 2	
252		568		5		66 1	67 2	
502		566		5		61 2	63 2	
501		547		5		25 3	29 3	
52		570		5		70 1	71 2	
2		569		5		68 1	69 2	
302		568		5		67 2	73 2	
303		571		5		73 2	89 2	
304		579		5		89 2	107 2	
305		588		5		107 2	123 2	
306		596		5		123 2	137 2	
307		603		5		137 2	153 2	
308		611		5		153 2	173 2	
309		621		5		173 2	179 2	
310		624		5		179 2	187 2	
311		628		5		187 2	197 2	
312		633		5		197 2	203 2	
313		636		5		203 2	217 2	
314		643		5		217 2	229 2	
315		649		5		229 2	237 2	
316		653		5		237 2	245 2	
317		657		5		245 2	253 2	
318		661		5		253 2	261 2	
319		665		5		261 2	269 2	
320		669		5		269 2	281 2	
321		675		5		281 2	291 2	
322		680		5		291 2	301 2	
323		685		5		301 2	309 2	
324		688		5		309 2	313 2	
325		691		5		313 2	317 2	
326		693		5		317 2	321 2	
327		695		5		321 2	325 2	
328		697		5		325 2	329 2	
329		699		5		329 2	333 2	
330		701		5		333 2	337 2	
331		703		5		337 2	345 2	
332		707		5		345 2	353 2	
333		711		5		353 2	357 2	
334		713		5		357 2	361 2	
335		715		5		361 2	365 2	
336		717		5		365 2	369 2	
337		719		5		369 2	373 2	
338		721		5		373 2	377 2	
339		723		5		377 2	381 2	
340		725		5		381 2	385 2	
341		727		5		385 2	389 2	
342		729		5		389 2	393 2	
343		731		5		393 2	397 2	
344		733		5		397 2	401 2	
345		735		5		401 2	405 2	
346		737		5		405 2	409 2	
347		739		5		409 2	417 2	
348		743		5		417 2	421 2	
349		745		5		421 2	425 2	
350		747		5		425 2	433 2	
351		751		5		433 2	437 2	
352		753		5		437 2	441 2	
353		755		5		441 2	445 2	
354		757		5		445 2	449 2	
355		759		5		449 2	453 2	
356		761		5		453 2	457 2	
357		763		5		457 2	461 2	
358		765		5		461 2	465 2	
359		767		5		465 2	469 2	
360		769		5		469 2	477 2	
361		773		5		477 2	481 2	
362		775		5		481 2	485 2	
363		777		5		485 2	493 2	
364		781		5		493 2	497 2	
365		783		5		497 2	501 2	
366		785		5		501 2	505 2	
367		787		5		505 2	509 2	
368		789		5		509 2	513 2	
369		791		5		513 2	517 2	
370		793		5		517 2	521 2	
371		795		5		521 2	529 2	
372		799		5		529 2	533 2	
373		801		5		533 2	537 2	
374		803		5		537 2	541 2	
375		805		5		541 2	549 2	
376		809		5		549 2	553 2	
377		811		5		553 2	557 2	
378		813		5		557 2	561 2	
379		815		5		561 2	565 2	
380		817		5		565 2	569 2	
381		819		5		569 2	577 2	
382		823		5		577 2	581 2	
383		825		5		581 2	585 2	
384		827		5		585 2	589 2	
385		829		5		589 2	597 2	
386		833		5		597 2	601 2	
387		835		5		601 2	605 2	
388		837		5		605 2	609 2	
389		839		5		609 2	617 2	
390		843		5		617 2	621 2	
391		845		5		621 2	625 2	
392		847		5		625 2	629 2	
393		849		5		629 2	637 2	
394		853		5		637 2	641 2	
395		855		5		641 2	645 2	
396		857		5		645 2	653 2	
397		861		5		653 2	657 2	
398		863		5		657 2	661 2	
399		865		5		661 2	665 2	
400		867		5		665 2	669 2	
401		869		5		669 2	677 2	
402		873		5		677 2	685 2	
403		877		5		685 2	689 2	
404		879		5		689 2	693 2	
405		881		5		693 2	697 2	
406		883		5		697 2	701 2	
407		885		5		701 2	709 2	
408		889		5		709 2	717 2	
409		893		5		717 2	721 2	
410		895		5		721 2	725 2	
411		897		5		725 2	729 2	
412		899		5		729 2	737 2	
413		903		5		737 2	745 2	
414		907		5		745 2	749 2	
415		909		5		749 2	753 2	
416		911		5		753 2	757 2	
417		913		5		757 2	765 2	
418		917		5		765 2	773 2	
419		921		5		773 2	777 2	
420		923		5		777 2	781 2	
421		925		5		781 2	789 2	
422		929		5		789 2	797 2	
423		933		5		797 2	801 2	
424		935		5		801 2	809 2	
425		939		5		809 2	813 2	
426		941		5		813 2	821 2	
427		945		5		821 2	829 2	
428		949		5		829 2	833 2	
429		951		5		833 2	837 2	
430		953		5		837 2	849 2	
431		959		5		849 2	853 2	
432		961		5		853 2	857 2	
433		963		5		857 2	869 2	
434		969		5		869 2	873 2	
435		971		5		873 2	881 2	
436		974		5		881 2	889 2	
437		979		5		889 2	893 2	
438		981		5		893 2	897 2	
439		983		5		897 2	905 2	
440		987		5		905 2	909 2	
441		989		5		909 2	913 2	
442		991		5		913 2	921 2	
443		995		5		921 2	925 2	
444		997		5		925 2	933 2	
445		1001		5		933 2	937 2	
446		1003		5		937 2	945 2	
447		1007		5		945 2	949 2	
448		1009		5		949 2	957 2	
449		1013		5		957 2	961 2	
450		1015		5		961 2	969 2	
451		1019		5		969 2	973 2	
452		1021		5		973 2	981 2	
453		1025		5		981 2	989 2	
454		1029		5		989 2	993 2	
455		1031		5		993 2	1001 2	
456		1035		5		1001 2	1009 2	
457		1039		5		1009 2	1013 2	
458		1041		5		1013 2	1021 2	
459		1045		5		1021 2	1029 2	
460		1049		5		1029 2	1037 2	
461		1053		5		1037 2	1045 2	
462		975		5		1045 2	1053 2	
463		975		5		1049 3	1053 2	
464		1055		5		1041 3	1049 3	
465		1051		5		1033 3	1041 3	
466		1047		5		1025 3	1033 3	
467		1043		5		1017 3	1025 3	
468		1037		5		1005 3	1017 3	
469		1033		5		997 3	1005 3	
470		1027		5		985 3	997 3	
471		1023		5		977 3	985 3	
472		1017		5		965 3	977 3	
473		1011		5		953 3	965 3	
474		1005		5		941 3	953 3	
475		999		5		929 3	941 3	
476		993		5		917 3	929 3	
477		985		5		901 3	917 3	
478		977		5		885 3	901 3	
479		967		5		865 3	885 3	
480		955		5		841 3	865 3	
481		943		5		817 3	841 3	
482		931		5		793 3	817 3	
483		919		5		769 3	793 3	
484		905		5		741 3	769 3	
485		887		5		705 3	741 3	
486		871		5		673 3	705 3	
487		851		5		633 3	673 3	
488		831		5		593 3	633 3	
489		807		5		545 3	593 3	
490		779		5		489 3	545 3	
491		749		5		429 3	489 3	
492		709		5		349 3	429 3	
493		646		5		223 3	349 3	
494		617		5		165 3	223 3	
495		609		5		149 3	165 3	
496		601		5		133 3	149 3	
497		593		5		117 3	133 3	
498		585		5		101 3	117 3	
499		576		5		83 3	101 3	
500		567		5		64 1	83 3	
503		547		5		23 3	25 3	
504		544		5		19 3	23 3	
505		544		5		17 3	19 3	
506		541		5		13 3	17 3	
507		541		5		7 3	13 3	
508		537		5		5 3	7 3	
509		533		5		1 1	5 3	
510		536		5		1 1	3 2	
511		539		5		3 2	9 2	
512		540		5		9 2	11 2	
513		540		5		11 2	15 2	
514		545		5		15 2	21 2	
515		548		5		21 2	27 2	
516		550		5		27 2	31 2	
517		565		5		31 2	61 2	
518		1547		5		59 3	63 2	
519		564		5		57 3	59 3	
520		563		5		55 3	57 3	
521		562		5		53 3	55 3	
522		561		5		51 3	53 3	
523		559		5		49 3	51 3	
524		558		5		47 3	49 3	
525		557		5		45 3	47 3	
526		557		5		43 3	45 3	
527		555		5		41 3	43 3	
528		555		5		39 3	41 3	
529		553		5		37 3	39 3	
530		553		5		35 3	37 3	
531		551		5		33 3	35 3	
532		551		5		29 3	33 3	
53		569		5		69 2	87 2	
54		578		5		87 2	103 2	
55		586		5		103 2	119 2	
56		594		5		119 2	135 2	
57		602		5		135 2	151 2	
58		610		5		151 2	167 2	
59		618		5		167 2	225 2	
60		647		5		225 2	351 2	
61		710		5		351 2	431 2	
62		750		5		431 2	491 2	
63		780		5		491 2	547 2	
64		808		5		547 2	595 2	
65		832		5		595 2	635 2	
66		852		5		635 2	675 2	
67		872		5		675 2	707 2	
68		888		5		707 2	743 2	
69		906		5		743 2	771 2	
70		920		5		771 2	795 2	
71		932		5		795 2	819 2	
72		944		5		819 2	843 2	
73		956		5		843 2	867 2	
74		968		5		867 2	887 2	
75		978		5		887 2	903 2	
76		986		5		903 2	919 2	
77		994		5		919 2	931 2	
78		1000		5		931 2	943 2	
79		1006		5		943 2	955 2	
80		1012		5		955 2	967 2	
81		1018		5		967 2	979 2	
82		1024		5		979 2	987 2	
83		1028		5		987 2	999 2	
84		1034		5		999 2	1007 2	
85		1038		5		1007 2	1019 2	
86		1044		5		1019 2	1027 2	
87		1048		5		1027 2	1035 2	
88		1052		5		1035 2	1043 2	
89		1056		5		1043 2	1051 2	
90		1060		5		1051 2	1055 3	
91		1058		5		1047 3	1055 3	
92		1054		5		1039 3	1047 3	
93		1050		5		1031 3	1039 3	
94		1046		5		1023 3	1031 3	
95		1042		5		1015 3	1023 3	
96		1040		5		1011 3	1015 3	
97		1036		5		1003 3	1011 3	
98		1032		5		995 3	1003 3	
99		1030		5		991 3	995 3	
100		1026		5		983 3	991 3	
101		1022		5		975 3	983 3	
102		1020		5		971 3	975 3	
103		1016		5		963 3	971 3	
104		1014		5		959 3	963 3	
105		1010		5		951 3	959 3	
106		1008		5		947 3	951 3	
107		1004		5		939 3	947 3	
108		1002		5		935 3	939 3	
109		998		5		927 3	935 3	
110		996		5		923 3	927 3	
111		992		5		915 3	923 3	
112		990		5		911 3	915 3	
113		988		5		907 3	911 3	
114		984		5		899 3	907 3	
115		982		5		895 3	899 3	
116		980		5		891 3	895 3	
117		976		5		883 3	891 3	
118		972		5		875 3	883 3	
119		970		5		871 3	875 3	
120		964		5		859 3	871 3	
121		962		5		855 3	859 3	
122		960		5		851 3	855 3	
123		954		5		839 3	851 3	
124		952		5		835 3	839 3	
125		950		5		831 3	835 3	
126		946		5		823 3	831 3	
127		942		5		815 3	823 3	
128		940		5		811 3	815 3	
129		936		5		803 3	811 3	
130		934		5		799 3	803 3	
131		930		5		791 3	799 3	
132		926		5		783 3	791 3	
133		924		5		779 3	783 3	
134		922		5		775 3	779 3	
135		918		5		767 3	775 3	
136		914		5		759 3	767 3	
137		912		5		755 3	759 3	
138		910		5		751 3	755 3	
139		908		5		747 3	751 3	
140		904		5		739 3	747 3	
141		900		5		731 3	739 3	
142		898		5		727 3	731 3	
143		896		5		723 3	727 3	
144		894		5		719 3	723 3	
145		890		5		711 3	719 3	
146		886		5		703 3	711 3	
147		884		5		699 3	703 3	
148		882		5		695 3	699 3	
149		880		5		691 3	695 3	
150		878		5		687 3	691 3	
151		874		5		679 3	687 3	
152		870		5		671 3	679 3	
153		868		5		667 3	671 3	
154		866		5		663 3	667 3	
155		864		5		659 3	663 3	
156		862		5		655 3	659 3	
157		858		5		647 3	655 3	
158		856		5		643 3	647 3	
159		854		5		639 3	643 3	
160		850		5		631 3	639 3	
161		848		5		627 3	631 3	
162		846		5		623 3	627 3	
163		844		5		619 3	623 3	
164		840		5		611 3	619 3	
165		838		5		607 3	611 3	
166		836		5		603 3	607 3	
167		834		5		599 3	603 3	
168		830		5		591 3	599 3	
169		828		5		587 3	591 3	
170		826		5		583 3	587 3	
171		824		5		579 3	583 3	
172		820		5		571 3	579 3	
173		818		5		567 3	571 3	
174		816		5		563 3	567 3	
175		814		5		559 3	563 3	
176		812		5		555 3	559 3	
177		810		5		551 3	555 3	
178		806		5		543 3	551 3	
179		804		5		539 3	543 3	
180		802		5		535 3	539 3	
181		800		5		531 3	535 3	
182		796		5		523 3	531 3	
183		794		5		519 3	523 3	
184		792		5		515 3	519 3	
185		790		5		511 3	515 3	
186		788		5		507 3	511 3	
187		786		5		503 3	507 3	
188		784		5		499 3	503 3	
189		782		5		495 3	499 3	
190		778		5		487 3	495 3	
191		776		5		483 3	487 3	
192		774		5		479 3	483 3	
193		770		5		471 3	479 3	
194		768		5		467 3	471 3	
195		766		5		463 3	467 3	
196		764		5		459 3	463 3	
197		762		5		455 3	459 3	
198		760		5		451 3	455 3	
199		758		5		447 3	451 3	
200		756		5		443 3	447 3	
201		754		5		439 3	443 3	
202		752		5		435 3	439 3	
203		748		5		427 3	435 3	
204		746		5		423 3	427 3	
205		744		5		419 3	423 3	
206		740		5		411 3	419 3	
207		738		5		407 3	411 3	
208		736		5		403 3	407 3	
209		734		5		399 3	403 3	
210		732		5		395 3	399 3	
211		730		5		391 3	395 3	
212		728		5		387 3	391 3	
213		726		5		383 3	387 3	
214		724		5		379 3	383 3	
215		722		5		375 3	379 3	
216		720		5		371 3	375 3	
217		718		5		367 3	371 3	
218		716		5		363 3	367 3	
219		714		5		359 3	363 3	
220		712		5		355 3	359 3	
221		708		5		347 3	355 3	
222		704		5		339 3	347 3	
223		702		5		335 3	339 3	
224		700		5		331 3	335 3	
225		698		5		327 3	331 3	
226		696		5		323 3	327 3	
227		694		5		319 3	323 3	
228		692		5		315 3	319 3	
229		690		5		311 3	315 3	
230		686		5		303 3	311 3	
231		681		5		293 3	303 3	
232		676		5		283 3	293 3	
233		670		5		271 3	283 3	
234		666		5		263 3	271 3	
235		662		5		255 3	263 3	
236		658		5		247 3	255 3	
237		654		5		239 3	247 3	
238		650		5		231 3	239 3	
239		644		5		219 3	231 3	
240		637		5		205 3	219 3	
241		634		5		199 3	205 3	
242		629		5		189 3	199 3	
243		625		5		181 3	189 3	
244		622		5		175 3	181 3	
245		612		5		155 3	175 3	
246		604		5		139 3	155 3	
247		597		5		125 3	139 3	
248		589		5		109 3	125 3	
249		580		5		91 3	109 3	
250		573		5		77 3	91 3	
251		570		5		70 1	77 3	
2		569		2		68 1	69 2	
1		567		2		64 1	65 2	
3		567		2		65 2	81 2	
4		575		2		81 2	99 2	
5		584		2		99 2	113 2	
6		591		2		113 2	129 2	
7		599		2		129 2	147 2	
8		608		2		147 2	161 2	
9		615		2		161 2	207 2	
10		638		2		207 2	343 2	
11		706		2		343 2	415 2	
12		742		2		415 2	473 2	
13		771		2		473 2	527 2	
14		798		2		527 2	575 2	
15		822		2		575 2	615 2	
16		842		2		615 2	649 2	
17		859		2		649 2	683 2	
18		876		2		683 2	715 2	
19		892		2		715 2	733 2	
20		901		2		733 2	763 2	
21		916		2		763 2	787 2	
22		928		2		787 2	805 2	
23		937		2		805 2	827 2	
24		948		2		827 2	847 2	
25		958		2		847 2	861 2	
26		689		2		861 2	879 2	
27		689		2		877 3	879 2	
28		966		2		863 3	877 3	
29		957		2		845 3	863 3	
30		947		2		825 3	845 3	
31		938		2		807 3	825 3	
32		927		2		785 3	807 3	
33		915		2		761 3	785 3	
34		902		2		735 3	761 3	
35		891		2		713 3	735 3	
36		875		2		681 3	713 3	
37		860		2		651 3	681 3	
38		841		2		613 3	651 3	
39		821		2		573 3	613 3	
40		797		2		525 3	573 3	
41		772		2		475 3	525 3	
42		741		2		413 3	475 3	
43		705		2		341 3	413 3	
44		640		2		211 3	341 3	
45		616		2		163 3	211 3	
46		607		2		145 3	163 3	
47		600		2		131 3	145 3	
48		592		2		115 3	131 3	
49		583		2		97 3	115 3	
50		577		2		85 3	97 3	
51		569		2		68 1	85 3	
252		568		3		66 1	67 2	
52		570		3		70 1	71 2	
253		570		3		71 2	79 2	
254		574		3		79 2	93 2	
255		581		3		93 2	111 2	
256		590		3		111 2	127 2	
257		598		3		127 2	141 2	
258		605		3		141 2	159 2	
259		614		3		159 2	171 2	
260		620		3		171 2	177 2	
261		623		3		177 2	191 2	
262		630		3		191 2	195 2	
263		632		3		195 2	201 2	
264		635		3		201 2	213 2	
265		641		3		213 2	221 2	
266		645		3		221 2	235 2	
267		652		3		235 2	241 2	
268		655		3		241 2	249 2	
269		659		3		249 2	259 2	
270		664		3		259 2	265 2	
271		667		3		265 2	273 2	
272		671		3		273 2	279 2	
273		674		3		279 2	285 2	
274		677		3		285 2	289 2	
275		679		3		289 2	299 2	
276		684		3		299 2	305 2	
277		534		3		305 2	307 3	
278		534		3		297 3	307 3	
279		682		3		295 3	297 3	
280		678		3		287 3	295 3	
281		673		3		277 3	287 3	
282		672		3		275 3	277 3	
283		668		3		267 3	275 3	
284		663		3		257 3	267 3	
285		660		3		251 3	257 3	
286		656		3		243 3	251 3	
287		651		3		233 3	243 3	
288		648		3		227 3	233 3	
289		642		3		215 3	227 3	
290		639		3		209 3	215 3	
291		631		3		193 3	209 3	
292		627		3		185 3	193 3	
293		626		3		183 3	185 3	
294		619		3		169 3	183 3	
295		613		3		157 3	169 3	
296		606		3		143 3	157 3	
297		595		3		121 3	143 3	
298		587		3		105 3	121 3	
299		582		3		95 3	105 3	
300		572		3		75 3	95 3	
301		568		3		66 1	75 3	
